         
5555   1h 
5555   1h 
5005   1h 
5000   1h 
5050   xh 
5..5   3h 
       2 
.00.   3 
5555   1h 
    02 4 
111100 2 
5055   1h 
5000   1 
****   5 
100100 2 
5555   1h 
5555   1h 
    04 4 
5555   1h 
5555   1h 
    00 2 
    80 6 
    81 6 
       5 
       5 
         
         
         
         
    06 4 
    82 4h 
5555   1h 
0660   6 
0660     
0660     
0660     
0660     
0660     
         
         
5665   6h 
5555    h 
5555   6h 
    08 4 
0600   6 
0600      
0600      
0600      
5775   6h 
5775   6h 
         
         
         
         
         
         
    09 4 
    84 4 
    60 7 
    10 4 
    11 4 
       5 
         
         
         
         
5555   1h 
    12 5 
    00 5 
    00 2 
6600   6 
100181 6 
....   3h 
    13 4 
    00 5 
.      3h 
   .   3h 
1111   2h 
1111   5h 
5115   2h 
5111   2h 
.00.   3h 
111100 2 
****00 5 
5555   1h 